{
  "columns": "SEXO,PROCEDENCIA,RESIDENCIA,ESTADO_CIVIL,TIPO_COLEGIO,JALADOS,APROBADOS,BECA_VIGENTE,CANT_RESERVAS,COD_CURSO,COD_GRUPO,COD_PLAN,CREDITOS,EFICIENCIA_SEMESTRES,EXCESO_INASISTENCIA,HRS_INASISTENCIA,Q1_Nota_S,Q3_Nota_S,Q1_Obligatorio_S,Q3_Obligatorio_S,Q1_Electivo_S,Q3_Electivo_S,PONDERADO,PRCTJE_INASISTENCIA_CURSO,AVANCE_CREDITOS,AGE",
  "pesos": "[[0.0, 0.0, 0.0, 0.0, 0.0, 0.0, 0.0, 115.0, 0.0, 0.0, 0.0, 0.0, 16.0, 6.0, 0.0, 14.0, 27.0, 37.0, 28.0, 38.0, 35.0, 36.0, 29.0, 26.0, 0.0, 0.0], [0.0, 0.0, 0.0, 3.0, 0.0, 0.0, 0.0, 123.0, 0.0, 0.0, 0.0, 0.0, 14.0, 6.0, 0.0, 19.0, 29.0, 33.0, 26.0, 28.0, 32.0, 37.0, 38.0, 29.0, 0.0, 0.0], [0.0, 0.0, 0.0, 66.0, 0.0, 0.0, 3.0, 209.0, 0.0, 1.0, 1.0, 0.0, 52.0, 14.0, 0.0, 36.0, 54.0, 54.0, 48.0, 59.0, 57.0, 61.0, 51.0, 43.0, 0.0, 2.0], [0.0, 3.0, 66.0, 0.0, 2.0, 1.0, 2.0, 236.0, 4.0, 2.0, 5.0, 4.0, 41.0, 13.0, 2.0, 39.0, 65.0, 73.0, 57.0, 71.0, 66.0, 74.0, 58.0, 43.0, 1.0, 2.0], [0.0, 0.0, 0.0, 2.0, 0.0, 1.0, 0.0, 104.0, 0.0, 0.0, 0.0, 0.0, 21.0, 7.0, 0.0, 16.0, 29.0, 31.0, 26.0, 35.0, 21.0, 29.0, 22.0, 23.0, 1.0, 0.0], [0.0, 0.0, 0.0, 1.0, 1.0, 0.0, 0.0, 239.0, 0.0, 0.0, 0.0, 0.0, 50.0, 15.0, 0.0, 33.0, 60.0, 79.0, 58.0, 67.0, 56.0, 75.0, 59.0, 48.0, 0.0, 0.0], [0.0, 0.0, 3.0, 2.0, 0.0, 0.0, 0.0, 242.0, 0.0, 0.0, 0.0, 0.0, 52.0, 11.0, 0.0, 37.0, 64.0, 65.0, 59.0, 61.0, 60.0, 65.0, 67.0, 44.0, 0.0, 0.0], [115.0, 123.0, 209.0, 236.0, 104.0, 239.0, 242.0, 0.0, 258.0, 292.0, 246.0, 169.0, 1377.0, 642.0, 226.0, 1194.0, 1854.0, 1938.0, 1785.0, 1847.0, 1890.0, 1899.0, 1751.0, 1555.0, 249.0, 272.0], [0.0, 0.0, 0.0, 4.0, 0.0, 0.0, 0.0, 258.0, 0.0, 0.0, 0.0, 0.0, 47.0, 15.0, 0.0, 43.0, 69.0, 76.0, 69.0, 67.0, 76.0, 74.0, 53.0, 57.0, 0.0, 0.0], [0.0, 0.0, 1.0, 2.0, 0.0, 0.0, 0.0, 292.0, 0.0, 0.0, 0.0, 0.0, 63.0, 26.0, 0.0, 44.0, 62.0, 86.0, 65.0, 75.0, 64.0, 88.0, 67.0, 73.0, 0.0, 0.0], [0.0, 0.0, 1.0, 5.0, 0.0, 0.0, 0.0, 246.0, 0.0, 0.0, 0.0, 0.0, 53.0, 18.0, 0.0, 29.0, 60.0, 77.0, 59.0, 79.0, 65.0, 73.0, 60.0, 51.0, 0.0, 0.0], [0.0, 0.0, 0.0, 4.0, 0.0, 0.0, 0.0, 169.0, 0.0, 0.0, 0.0, 0.0, 34.0, 13.0, 0.0, 23.0, 50.0, 40.0, 47.0, 42.0, 51.0, 42.0, 38.0, 33.0, 0.0, 0.0], [16.0, 14.0, 52.0, 41.0, 21.0, 50.0, 52.0, 1377.0, 47.0, 63.0, 53.0, 34.0, 0.0, 204.0, 41.0, 336.0, 427.0, 424.0, 356.0, 368.0, 431.0, 436.0, 341.0, 362.0, 50.0, 48.0], [6.0, 6.0, 14.0, 13.0, 7.0, 15.0, 11.0, 642.0, 15.0, 26.0, 18.0, 13.0, 204.0, 0.0, 14.0, 141.0, 154.0, 210.0, 169.0, 155.0, 180.0, 170.0, 169.0, 157.0, 20.0, 14.0], [0.0, 0.0, 0.0, 2.0, 0.0, 0.0, 0.0, 226.0, 0.0, 0.0, 0.0, 0.0, 41.0, 14.0, 0.0, 30.0, 63.0, 71.0, 55.0, 60.0, 71.0, 70.0, 64.0, 58.0, 0.0, 0.0], [14.0, 19.0, 36.0, 39.0, 16.0, 33.0, 37.0, 1194.0, 43.0, 44.0, 29.0, 23.0, 336.0, 141.0, 30.0, 0.0, 392.0, 395.0, 332.0, 331.0, 379.0, 359.0, 367.0, 295.0, 36.0, 44.0], [27.0, 29.0, 54.0, 65.0, 29.0, 60.0, 64.0, 1854.0, 69.0, 62.0, 60.0, 50.0, 427.0, 154.0, 63.0, 392.0, 0.0, 528.0, 1118.0, 508.0, 1111.0, 524.0, 548.0, 446.0, 66.0, 62.0], [37.0, 33.0, 54.0, 73.0, 31.0, 79.0, 65.0, 1938.0, 76.0, 86.0, 77.0, 40.0, 424.0, 210.0, 71.0, 395.0, 528.0, 0.0, 577.0, 1152.0, 583.0, 1189.0, 508.0, 489.0, 66.0, 85.0], [28.0, 26.0, 48.0, 57.0, 26.0, 58.0, 59.0, 1785.0, 69.0, 65.0, 59.0, 47.0, 356.0, 169.0, 55.0, 332.0, 1118.0, 577.0, 0.0, 497.0, 1144.0, 541.0, 511.0, 461.0, 65.0, 66.0], [38.0, 28.0, 59.0, 71.0, 35.0, 67.0, 61.0, 1847.0, 67.0, 75.0, 79.0, 42.0, 368.0, 155.0, 60.0, 331.0, 508.0, 1152.0, 497.0, 0.0, 507.0, 1118.0, 553.0, 442.0, 61.0, 77.0], [35.0, 32.0, 57.0, 66.0, 21.0, 56.0, 60.0, 1890.0, 76.0, 64.0, 65.0, 51.0, 431.0, 180.0, 71.0, 379.0, 1111.0, 583.0, 1144.0, 507.0, 0.0, 885.0, 541.0, 410.0, 69.0, 73.0], [36.0, 37.0, 61.0, 74.0, 29.0, 75.0, 65.0, 1899.0, 74.0, 88.0, 73.0, 42.0, 436.0, 170.0, 70.0, 359.0, 524.0, 1189.0, 541.0, 1118.0, 885.0, 0.0, 509.0, 465.0, 62.0, 69.0], [29.0, 38.0, 51.0, 58.0, 22.0, 59.0, 67.0, 1751.0, 53.0, 67.0, 60.0, 38.0, 341.0, 169.0, 64.0, 367.0, 548.0, 508.0, 511.0, 553.0, 541.0, 509.0, 0.0, 410.0, 63.0, 77.0], [26.0, 29.0, 43.0, 43.0, 23.0, 48.0, 44.0, 1555.0, 57.0, 73.0, 51.0, 33.0, 362.0, 157.0, 58.0, 295.0, 446.0, 489.0, 461.0, 442.0, 410.0, 465.0, 410.0, 0.0, 50.0, 54.0], [0.0, 0.0, 0.0, 1.0, 1.0, 0.0, 0.0, 249.0, 0.0, 0.0, 0.0, 0.0, 50.0, 20.0, 0.0, 36.0, 66.0, 66.0, 65.0, 61.0, 69.0, 62.0, 63.0, 50.0, 0.0, 0.0], [0.0, 0.0, 2.0, 2.0, 0.0, 0.0, 0.0, 272.0, 0.0, 0.0, 0.0, 0.0, 48.0, 14.0, 0.0, 44.0, 62.0, 85.0, 66.0, 77.0, 73.0, 69.0, 77.0, 54.0, 0.0, 0.0]]"
}